446 1455 0 61 86 62 
505 1464 0 65 91 58 
897 1528 0 54 80 51 
1005 1537 0 51 80 46 
1033 1523 0 54 77 57 
1048 1514 0 55 97 87 
1337 1623 0 74 106 66 
1340 1701 0 85 105 80 
1377 1819 0 69 102 64 
1368 1928 0 89 119 73 
1374 2096 0 77 119 86 
1346 2196 0 84 111 80 
2067 2060 0 96 127 92 
2081 2055 0 127 154 111 
2067 2101 0 90 130 96 
2067 2174 0 89 117 90 
2070 2297 0 95 127 82 
2078 2401 0 88 122 92 
2047 2433 0 65 95 52 
2033 2437 0 60 83 55 
2013 2447 0 83 108 75 
2464 2701 0 50 98 66 
2479 2683 0 58 94 52 
2487 2674 0 57 86 48 
2510 2665 0 49 83 47 
2518 2660 0 53 79 49 
2524 2665 0 54 80 49 
4951 1573 0 43 76 41 
4968 1555 0 51 78 45 
4974 1537 0 54 78 43 
4977 1483 0 64 85 50 
4997 1351 0 50 80 52 
5000 1232 0 54 82 45 
4991 855 0 53 89 69 
5022 668 0 47 82 42 
4971 482 0 53 77 47 
4341 350 1 213 102 68 
4358 377 1 199 90 61 
4378 373 1 197 89 60 
4369 377 1 200 88 58 
4358 377 1 199 90 61 
4369 382 1 206 92 60 
3725 814 1 255 255 255 
3722 814 1 255 255 255 
3699 814 1 255 255 255 
3708 805 1 255 255 255 
3719 805 1 255 255 255 
3705 809 1 255 255 255 
3708 805 1 255 255 255 
3708 805 1 255 255 255 
2598 728 1 70 255 255 
2589 732 1 66 255 255 
2578 732 1 62 248 255 
2584 728 1 59 255 255 
2567 741 1 65 248 255 
2581 737 1 73 255 255 
2561 741 1 74 248 248 
2632 691 1 51 72 230 
2652 678 1 64 77 219 
2640 678 1 58 63 255 
2655 673 1 66 69 226 
2643 687 1 43 86 238 
2657 678 1 79 76 222 
2640 691 1 56 60 234 
2646 682 1 86 75 229 
2632 696 1 68 64 215 
2646 682 1 86 75 229 
2609 641 0 37 64 37 
3097 618 0 47 62 34 
3109 628 0 45 62 35 
3097 632 0 44 65 40 
3427 3201 1 66 39 31 
3432 3197 1 71 37 32 
3432 3211 1 79 39 59 
