1375 2010 0 83 117 83 
1316 2046 0 72 99 74 
1187 2122 0 50 77 49 
1108 2207 0 50 79 50 
1055 2283 0 108 122 58 
1418 2144 0 67 92 63 
1550 2207 0 63 93 62 
1716 2234 0 71 98 59 
1730 2229 0 63 89 53 
1541 1590 0 54 83 50 
2073 1733 1 231 109 73 
1361 1528 0 57 93 69 
1412 1532 0 56 93 53 
1367 1608 0 70 93 68 
1274 1729 0 61 83 52 
998 1814 0 63 85 57 
1041 1773 0 57 90 56 
1063 1751 0 62 88 53 
1058 1760 0 63 83 57 
1055 1760 0 98 108 57 
1055 1760 0 98 108 57 
1350 1702 0 75 101 64 
1336 1800 0 82 118 82 
1330 1894 0 76 122 86 
1384 1983 0 88 126 91 
1347 2095 0 93 113 80 
1333 2256 0 79 105 70 
1260 2586 0 59 92 53 
1305 2779 0 61 92 61 
1311 2787 0 75 90 55 
1344 1287 0 81 105 66 
1148 1769 0 60 88 61 
844 1979 0 64 87 58 
742 1863 0 80 104 72 
740 1831 0 77 105 76 
498 1769 0 63 87 56 
399 1742 0 60 88 59 
428 1738 0 59 91 63 
439 1720 0 96 116 66 
444 1720 0 75 86 55 
354 1827 0 79 116 74 
262 2238 0 66 93 62 
219 2636 0 52 88 58 
180 2886 0 75 98 61 
248 3064 0 60 92 57 
526 3248 0 56 88 60 
444 3270 0 62 83 58 
453 3256 0 56 86 50 
4911 1278 0 43 74 45 
4961 1251 0 51 72 43 
4970 1246 0 52 80 46 
4984 1224 0 74 96 56 
5026 1166 0 49 83 50 
5136 1059 0 45 77 43 
5231 965 0 50 77 45 
5254 884 0 56 81 50 
5237 795 0 53 78 52 
5169 563 0 48 75 43 
5108 447 0 48 78 48 
5074 393 0 53 79 46 
5054 335 0 52 79 48 
5006 295 0 48 79 44 
2523 1881 0 37 70 37 
2528 1881 0 36 67 37 
2357 2131 0 40 79 49 
2351 2140 0 65 82 41 
3698 3127 0 49 84 50 
3712 3127 0 55 82 54 
3729 3024 0 29 63 46 
3741 3015 0 36 65 45 
3774 3011 0 37 67 38 
3721 3006 0 41 69 39 
3712 3038 0 22 33 34 
3760 3042 0 21 31 36 
3760 3042 0 21 31 36 
3760 3042 0 21 31 36 
3760 3042 0 21 31 36 
3760 3042 0 21 31 36 
3760 3042 0 21 31 36 
4258 2712 0 43 58 35 
4250 2712 0 35 57 33 
4241 2712 0 34 59 31 
4241 2712 0 34 59 31 
3836 2707 0 41 65 36 
3845 2689 0 43 62 40 
3997 2216 0 24 17 15 
4002 2211 0 16 23 19 
4013 2202 0 17 30 24 
3999 2211 0 14 30 23 
4393 331 0 33 39 30 
4393 326 0 40 56 35 
4376 331 0 34 43 33 
4371 331 0 33 43 31 
4238 344 0 39 64 35 
4320 398 1 202 91 62 
4365 357 1 209 93 64 
4357 389 1 202 90 63 
4365 375 1 204 89 59 
3794 380 1 49 48 22 
3805 375 1 81 113 40 
3786 384 1 62 79 17 
3938 764 1 116 162 80 
3935 764 1 111 162 77 
3935 755 1 123 169 95 
3862 969 1 71 114 72 
3853 978 1 91 167 104 
3856 978 1 93 138 110 
3862 974 1 80 128 68 
3631 742 1 255 255 255 
3637 742 1 255 255 255 
3628 742 1 255 255 255 
3631 742 1 255 255 255 
3628 742 1 255 255 255 
3704 804 1 255 255 255 
3704 804 1 255 255 255 
2590 742 1 79 255 255 
2632 683 1 39 90 217 
2571 759 1 82 248 255 
2627 688 1 87 68 211 
2588 742 1 81 255 255 
2627 692 1 65 98 225 
2588 724 1 76 255 255 
2652 679 1 102 71 227 
2590 742 1 79 255 255 
2630 706 1 66 77 248 
2599 742 1 71 255 255 
2655 532 1 79 143 63 
2452 214 1 16 23 42 
2461 205 1 20 33 48 
2433 210 1 68 84 83 
2452 205 1 30 36 52 
2447 205 1 33 43 62 
2067 1483 1 43 43 35 
2053 1483 1 89 76 18 
2059 1488 1 84 47 38 
2053 1479 1 67 22 54 
2244 1988 1 99 89 74 
2228 1939 1 128 129 95 
2222 1952 1 156 97 24 
2230 1970 1 160 97 56 
2236 1983 1 77 76 59 
4494 4199 0 102 41 25 
4486 4195 0 96 30 18 
4492 4195 0 106 35 20 
1395 1367 0 84 104 58 
2059 1939 0 87 120 88 
2087 1925 0 71 83 49 
2078 1930 0 118 151 114 
2076 1943 0 106 137 105 
2076 1952 0 104 138 108 
2076 1988 0 109 139 106 
2081 1992 0 137 162 124 
2081 1988 0 140 163 117 
2081 1970 0 131 161 127 
2087 1961 0 55 88 53 
2076 1970 0 109 137 102 
2067 1979 0 90 123 98 
2073 1974 0 86 123 93 
2084 1966 0 118 116 58 
2911 1814 0 113 143 113 
2914 1827 0 78 115 75 
2914 1845 0 74 101 76 
2914 1867 0 68 95 72 
2914 1876 0 73 102 67 
2908 1881 0 128 166 114 
2509 1934 1 33 76 22 
2517 1934 1 27 70 18 
2526 1948 1 26 64 18 
2531 1934 1 28 56 28 
2517 1939 1 26 71 19 
2526 1943 1 26 63 18 
4753 2988 1 86 131 54 
4756 2988 1 92 158 83 
4764 2988 1 95 136 83 
4756 2993 1 106 145 53 
2689 1532 1 112 187 142 
2683 1541 1 112 194 152 
2694 1528 1 109 198 145 
2680 1550 1 128 255 241 
3099 1023 1 32 61 39 
3139 1045 1 73 80 54 
3156 1050 1 52 85 46 
3144 1054 1 120 81 45 
2309 657 1 91 76 104 
2303 661 1 94 88 96 
2371 402 1 132 47 34 
2362 411 1 102 43 27 
2371 402 1 132 47 34 
2379 393 1 114 46 40 
2371 402 1 132 47 34 
2377 393 1 109 40 31 
2469 201 1 20 29 47 
2461 205 1 20 33 48 
2458 205 1 24 37 49 
2458 205 1 24 37 49 
2458 205 1 24 37 49 
2458 205 1 24 37 49 
4039 661 1 67 255 255 
